20
73 26
5 8 4 54214
254 99
1 8 9 74990
1000000000 100000
1 1 1 1000000000
1000000000 1
12 7 74 12
220 88
1 8 3 58265
45068754 29153
2 9 5 999904402
97 39
34 37 656 97
977365070 59489
8 5 9 999966210
78 51
3 5 5 51230
110 53
7 7 1 64417
640834505 28785
3 9 1 999946125
497151700 96511
9 7 6 999919625
840698758 13331
8 7 10 999955808
1000000000 100000
99999 1 99999 100000
1000000000 100000
999999999 1 999999999 1000000000
177 73
7 7 5 56401
28 21
6 5 1 85919
112 73
1 5 3 64100
82 81
58 56 739 82
137 49
48 17 461 137
